 1,  19,  20,  89,  85
 2,  20,  21,  90,  89
 3,  21,  22,  91,  90
 4,  22,   1,  23,  91
 5,  85,  89,  92,  84
 6,  89,  90,  93,  92
 7,  90,  91,  94,  93
 8,  91,  23,  24,  94
 9,  84,  92,  95,  83
10,  92,  93,  96,  95
11,  93,  94,  97,  96
12,  94,  24,  25,  97
13,  83,  95,  98,  87
14,  95,  96,  99,  98
15,  96,  97, 100,  99
16,  97,  25,  26, 100
17,  87,  98, 101,  86
18,  98,  99, 102, 101
19,  99, 100, 103, 102
20, 100,  26,  27, 103
21,  86, 101,  30,  31
22, 101, 102,  29,  30
23, 102, 103,  28,  29
24, 103,  27,   2,  28
25,  18,  19,  85, 105
26, 105,  85,  84, 104
27,  84,  83,  88, 104
28,  88,  14,  15, 104
29,  15,   3,  16, 104
30,  16,  17, 105, 104
31,  17,   4,  18, 105
32,  88,  83,  87, 106
33,  87,  86, 107, 106
34,  86,  31,  32, 107
35,  32,   5,  33, 107
36, 107,  33,  34, 106
37,  34,   6,  13, 106
38,  13,  14,  88, 106
39,   7,  38, 108,  37
40,  38,  39, 109, 108
41,  39,  40, 110, 109
42,  40,  41, 111, 110
43,  41,  42, 112, 111
44,  42,  43, 113, 112
45,  43,  44, 114, 113
46,  44,  45, 115, 114
47,  45,  46, 116, 115
48,  46,  47, 117, 116
49,  47,  48, 118, 117
50,  48,  49, 119, 118
51,  49,   3,  15, 119
52,  37, 108, 120,  36
53, 108, 109, 121, 120
54, 109, 110, 122, 121
55, 110, 111, 123, 122
56, 111, 112, 124, 123
57, 112, 113, 125, 124
58, 113, 114, 126, 125
59, 114, 115, 127, 126
60, 115, 116, 128, 127
61, 116, 117, 129, 128
62, 117, 118, 130, 129
63, 118, 119, 131, 130
64, 119,  15,  14, 131
65,  36, 120, 132,  35
66, 120, 121, 133, 132
67, 121, 122, 134, 133
68, 122, 123, 135, 134
69, 123, 124, 136, 135
70, 124, 125, 137, 136
71, 125, 126, 138, 137
72, 126, 127, 139, 138
73, 127, 128, 140, 139
74, 128, 129, 141, 140
75, 129, 130, 142, 141
76, 130, 131, 143, 142
77, 131,  14,  13, 143
78,  35, 132,  61,   8
79, 132, 133,  60,  61
80, 133, 134,  59,  60
81, 134, 135,  58,  59
82, 135, 136,  57,  58
83, 136, 137,  56,  57
84, 137, 138,  55,  56
85, 138, 139,  54,  55
86, 139, 140,  53,  54
87, 140, 141,  52,  53
88, 141, 142,  51,  52
89, 142, 143,  50,  51
90, 143,  13,   6,  50
 91,  66,  67, 151, 146
 92,  67,  68, 152, 151
 93,  68,  69, 153, 152
 94,  69,   9,  70, 153
 95, 146, 151, 154, 145
 96, 151, 152, 155, 154
 97, 152, 153, 156, 155
 98, 153,  70,  71, 156
 99, 145, 154, 157, 144
100, 154, 155, 158, 157
101, 155, 156, 159, 158
102, 156,  71,  72, 159
103, 144, 157, 160, 148
104, 157, 158, 161, 160
105, 158, 159, 162, 161
106, 159,  72,  73, 162
107, 148, 160, 163, 147
108, 160, 161, 164, 163
109, 161, 162, 165, 164
110, 162,  73,  74, 165
111, 147, 163,  77,  78
112, 163, 164,  76,  77
113, 164, 165,  75,  76
114, 165,  74,  10,  75
115,  64,  65, 169, 168
116,  65,  66, 146, 169
117, 168, 169, 167, 166
118, 169, 146, 145, 167
119, 145, 144, 149, 167
120, 167, 149, 150, 166
121, 150,  36,  35, 166
122,  35,   8,  62, 166
123,  62,  63, 168, 166
124,  63,  11,  64, 168
125, 150, 149, 171, 170
126, 149, 144, 148, 171
127, 148, 147, 173, 171
128, 147,  78,  79, 173
129, 171, 173, 172, 170
130, 173,  79,  80, 172
131,  80,  12,  81, 172
132, 172,  81,  82, 170
133,  82,   7,  37, 170
134,  37,  36, 150, 170
