      1,           0.,           0.
      2,          22.,           0.
      3,    3.5999999,   28.6000004
      4,           0.,          25.
      5,          22.,          25.
      6,   18.3999996,   28.6000004
      7,    3.5999999,   81.4000015
      8,   18.3999996,   81.4000015
      9,          22.,         110.
     10,           0.,         110.
     11,          22.,          85.
     12,           0.,          85.
     13,   14.6756992,   28.6000004
     14,   10.7839384,   28.6000004
     15,   6.93200493,   28.6000004
     16,   2.88061714,   26.4408226
     17,   1.48127437,   25.3188686
     18,           0.,   20.5737991
     19,           0.,   16.5583076
     20,           0.,   12.4161758
     21,           0.,   8.26518726
     22,           0.,   4.09503412
     23,   3.65779305,           0.
     24,   7.31851196,           0.
     25,   10.9861822,           0.
     26,   14.6587296,           0.
     27,   18.3306904,           0.
     28,          22.,   4.04667854
     29,          22.,   8.24615574
     30,          22.,   12.4652176
     31,          22.,   16.6647472
     32,          22.,   20.5997963
     33,   20.4839096,   25.3348103
     34,   19.0875168,   26.4840031
     35,     15.17838,   81.4000015
     36,   11.6110821,   81.4000015
     37,   8.03999996,   81.4000015
     38,    3.5999999,   77.3384628
     39,    3.5999999,   73.2769241
     40,    3.5999999,   69.2153854
     41,    3.5999999,   65.1538467
     42,    3.5999999,   61.0923042
     43,    3.5999999,   57.0307655
     44,    3.5999999,   52.9692268
     45,    3.5999999,   48.9076881
     46,    3.5999999,   44.8461494
     47,    3.5999999,   40.7846146
     48,    3.5999999,   36.7230759
     49,    3.5999999,   32.6615372
     50,   18.3999996,   32.6615372
     51,   18.3999996,   36.7230759
     52,   18.3999996,   40.7846146
     53,   18.3999996,   44.8461494
     54,   18.3999996,   48.9076881
     55,   18.3999996,   52.9692268
     56,   18.3999996,   57.0307655
     57,   18.3999996,   61.0923042
     58,   18.3999996,   65.1538467
     59,   18.3999996,   69.2153854
     60,   18.3999996,   73.2769241
     61,   18.3999996,   77.3384628
     62,    18.945858,   83.3058395
     63,   20.3069077,   84.5770187
     64,          22.,   88.0238419
     65,          22.,   91.1498108
     66,          22.,   94.6436996
     67,          22.,   98.2979736
     68,          22.,   102.130363
     69,          22.,   106.042229
     70,    18.339838,         110.
     71,    14.678441,         110.
     72,   11.0134344,         110.
     73,    7.3444953,         110.
     74,   3.67302299,         110.
     75,           0.,   106.081726
     76,           0.,   102.187416
     77,           0.,   98.3593369
     78,           0.,   94.6792603
     79,           0.,   91.2798691
     80,           0.,   88.1935272
     81,   1.75390458,   84.5438538
     82,   3.09874845,   83.2324219
     83,   10.9060974,   17.7744389
     84,   7.04937983,   17.6193542
     85,   3.43226862,   16.9403629
     86,   18.4946842,   17.0078259
     87,   14.8105526,   17.6970215
     88,   10.8753777,   23.1612701
     89,   3.56548738,   12.5035954
     90,   3.62357521,    8.2843504
     91,   3.64748311,   4.13153028
     92,   7.20198631,   12.7936897
     93,   7.27404928,   8.40576839
     94,   7.30497646,   4.17475128
     95,   10.9301968,   12.8908005
     96,   10.9616022,   8.45120621
     97,    10.977911,   4.19000816
     98,   14.6919508,   12.8346949
     99,   14.6639481,   8.41250896
    100,   14.6584826,   4.17188168
    101,   18.3828278,   12.6557875
    102,   18.3446808,   8.31541061
    103,   18.3334637,   4.13349247
    104,   6.67678022,   23.1602345
    105,   3.11420774,   21.0801945
    106,   15.1614447,    23.222126
    107,   18.8025208,    21.213892
    108,   7.69254112,   77.3384628
    109,   7.55122709,   73.2769241
    110,   7.47117949,   69.2153854
    111,    7.4120717,   65.1538467
    112,   7.35120583,   61.0923042
    113,   7.30227661,   57.0307655
    114,   7.25501156,   52.9692268
    115,   7.18865442,    48.907692
    116,   7.14024448,   44.8461494
    117,   7.12593222,   40.7846146
    118,   7.08058882,   36.7230759
    119,   7.02627516,   32.6615372
    120,   11.5499172,   77.3384628
    121,   11.4131889,   73.2769241
    122,    11.306776,   69.2153854
    123,    11.214901,   65.1538467
    124,   11.0807133,   61.0923042
    125,    11.004343,   57.0307655
    126,   10.9347439,   52.9692268
    127,   10.8606682,   48.9076881
    128,   10.7308025,   44.8461494
    129,   10.7895784,   40.7846146
    130,   10.8168592,   36.7230759
    131,   10.8113289,   32.6615372
    132,   15.0152397,   77.3384628
    133,   14.9236698,   73.2769241
    134,    14.860302,   69.2153854
    135,   14.8065166,   65.1538467
    136,   14.7473545,   61.0923042
    137,   14.7016716,   57.0307655
    138,   14.6562214,   52.9692268
    139,   14.6144333,   48.9076881
    140,    14.568964,   44.8461494
    141,   14.5766106,   40.7846146
    142,   14.5944347,   36.7230759
    143,   14.6182423,   32.6615372
    144,   11.1689415,   93.7899628
    145,   14.8697987,   93.8429031
    146,   18.4725704,    94.309494
    147,   3.66830826,    94.355011
    148,    7.3982811,   93.8495789
    149,   11.3221035,    89.572525
    150,   11.3406773,   85.5357513
    151,   18.3971767,   98.1304016
    152,   18.3625336,   102.050873
    153,   18.3470688,   106.018036
    154,   14.7562962,   97.8877716
    155,   14.7114162,   101.965492
    156,   14.6893339,   105.991287
    157,   11.0876389,   97.9067383
    158,   11.0443134,   101.961868
    159,   11.0239277,   105.990952
    160,   7.38100529,   97.9873734
    161,    7.3630476,    102.01828
    162,     7.351511,   106.015511
    163,   3.68188906,   98.2041855
    164,   3.67987776,   102.115677
    165,   3.67610312,    106.05323
    166,   15.4424963,   85.6147919
    167,   15.1301441,   89.6400757
    168,   18.9004173,   87.4396515
    169,    18.625782,    90.634758
    170,   6.98663187,    85.555748
    171,   7.40593147,   89.6533051
    172,   3.30404592,   87.4505157
    173,   3.59457135,   90.6846771
